mean-----------------------
0.0
abs_current_profit-----------------------
[(0, 0., 4, 5) (1, 0., 4, 5) (2, 0., 4, 5)]
id shipper chose-----------------------
[(0, 0., 4, 5) (1, 0., 4, 5) (2, 0., 4, 5)]
2
values-----------------------
[(0, 3.5), (1, 1.0), (2, 2.23606797749979), (3, 0.06155281280883074), (4, 0.5)]
all_order_profit-----------------------
[(0, 3.5       ) (1, 1.        ) (2, 2.23606798) (3, 0.06155281)
 (4, 0.5       )]
all_order_profit-----------------------
[(3, 0.06155281) (4, 0.5       ) (1, 1.        ) (2, 2.23606798)
 (0, 3.5       )]
all_order_profit-----------------------
3
id_arr-----------------------
[0, 1, 2, 3, 4]
id_order-----------------------
3
append_order------------------
[[], [], [3]]
list_orders------------------
[[0 1 1 3 4]
 [1 4 5 2 1]
 [2 6 1 3 1]
 [4 7 5 2 2]]
**********************************
[(0,  0.        , 4, 5) (1,  0.        , 4, 5) (2, -0.06155281, 0, 4)]
[[], [], [3]]
**********************************
mean-----------------------
-0.020517604269610246
abs_current_profit-----------------------
[(0, 0.0205176 , 4, 5) (1, 0.0205176 , 4, 5) (2, 0.04103521, 0, 4)]
id shipper chose-----------------------
[(0, 0.0205176 , 4, 5) (1, 0.0205176 , 4, 5) (2, 0.04103521, 0, 4)]
2
values-----------------------
[(0, 4.37782596137659), (1, 3.1025880213480512), (2, 3.395137174788905), (4, 2.5765691144719582)]
all_order_profit-----------------------
[(0, 4.37782596) (1, 3.10258802) (2, 3.39513717) (4, 2.57656911)]
all_order_profit-----------------------
[(4, 2.57656911) (1, 3.10258802) (2, 3.39513717) (0, 4.37782596)]
all_order_profit-----------------------
4
id_arr-----------------------
[0, 1, 2, 4]
id_order-----------------------
3
append_order------------------
[[], [], [3, 4]]
list_orders------------------
[[0 1 1 3 4]
 [1 4 5 2 1]
 [2 6 1 3 1]]
**********************************
[(0,  0.        , 4, 5) (1,  0.        , 4, 5) (2, -2.59708672, 7, 5)]
[[], [], [3, 4]]
**********************************
mean-----------------------
-0.8656955729138561
abs_current_profit-----------------------
[(0, 0.86569557, 4, 5) (1, 0.86569557, 4, 5) (2, 1.73139115, 7, 5)]
id shipper chose-----------------------
[(0, 0.86569557, 4, 5) (1, 0.86569557, 4, 5) (2, 1.73139115, 7, 5)]
2
values-----------------------
[(0, 0.6630575787082981), (1, 4.231391145827712), (2, 3.792943958636543)]
all_order_profit-----------------------
[(0, 0.66305758) (1, 4.23139115) (2, 3.79294396)]
all_order_profit-----------------------
[(0, 0.66305758) (2, 3.79294396) (1, 4.23139115)]
all_order_profit-----------------------
0
id_arr-----------------------
[0, 1, 2]
id_order-----------------------
0
append_order------------------
[[], [], [3, 4, 0]]
list_orders------------------
[[1 4 5 2 1]
 [2 6 1 3 1]]
**********************************
[(0,  0.        , 4, 5) (1,  0.        , 4, 5) (2, -0.20263799, 1, 1)]
[[], [], [3, 4, 0]]
**********************************
mean-----------------------
-0.06754599806851935
abs_current_profit-----------------------
[(0, 0.067546, 4, 5) (1, 0.067546, 4, 5) (2, 0.135092, 1, 1)]
id shipper chose-----------------------
[(0, 0.067546, 4, 5) (1, 0.067546, 4, 5) (2, 0.135092, 1, 1)]
2
values-----------------------
[(1, 3.6350919961370387), (2, 2.6350919961370387)]
all_order_profit-----------------------
[(1, 3.635092) (2, 2.635092)]
all_order_profit-----------------------
[(2, 2.635092) (1, 3.635092)]
all_order_profit-----------------------
2
id_arr-----------------------
[1, 2]
id_order-----------------------
1
append_order------------------
[[], [], [3, 4, 0, 2]]
list_orders------------------
[[1 4 5 2 1]]
**********************************
[(0,  0.        , 4, 5) (1,  0.        , 4, 5) (2, -2.70263799, 6, 1)]
[[], [], [3, 4, 0, 2]]
**********************************
mean-----------------------
-0.9008793314018527
abs_current_profit-----------------------
[(0, 0.90087933, 4, 5) (1, 0.90087933, 4, 5) (2, 1.80175866, 6, 1)]
id shipper chose-----------------------
[(0, 0.90087933, 4, 5) (1, 0.90087933, 4, 5) (2, 1.80175866, 6, 1)]
2
values-----------------------
[(1, 5.0378266403034955)]
all_order_profit-----------------------
[(1, 5.03782664)]
all_order_profit-----------------------
[(1, 5.03782664)]
all_order_profit-----------------------
1
id_arr-----------------------
[1]
id_order-----------------------
0
append_order------------------
[[], [], [3, 4, 0, 2, 1]]
list_orders------------------
[]
**********************************
[(0,  0.        , 4, 5) (1,  0.        , 4, 5) (2, -5.93870597, 4, 5)]
[[], [], [3, 4, 0, 2, 1]]
**********************************
